name: python_3.11
channels:
  - conda-forge
  - defaults
dependencies:
  - bzip2=1.0.8=h8ffe710_4
  - ca-certificates=2023.7.22=h56e8100_0
  - gettext=0.21.1=h5728263_0
  - glib=2.78.0=h12be248_0
  - glib-tools=2.78.0=h12be248_0
  - gst-plugins-base=1.22.6=h001b923_2
  - gstreamer=1.22.6=hb4038d2_2
  - icu=73.2=h63175ca_0
  - intel-openmp=2023.2.0=h57928b3_49496
  - krb5=1.21.2=heb0366b_0
  - libblas=3.9.0=18_win64_mkl
  - libcblas=3.9.0=18_win64_mkl
  - libclang=15.0.7=default_h77d9078_3
  - libclang13=15.0.7=default_h77d9078_3
  - libexpat=2.5.0=h63175ca_1
  - libffi=3.4.2=h8ffe710_5
  - libglib=2.78.0=he8f3873_0
  - libhwloc=2.9.2=default_haede6df_1009
  - libiconv=1.17=h8ffe710_0
  - libjpeg-turbo=2.1.5.1=hcfcfb64_1
  - liblapack=3.9.0=18_win64_mkl
  - libogg=1.3.4=h8ffe710_1
  - libpng=1.6.39=h19919ed_0
  - libsqlite=3.43.0=hcfcfb64_0
  - libvorbis=1.3.7=h0e60522_0
  - libxml2=2.11.5=hc3477c8_1
  - libzlib=1.2.13=hcfcfb64_5
  - mkl=2022.1.0=h6a75c08_874
  - mpmath=1.3.0=pyhd8ed1ab_0
  - numpy=1.25.2=py311h0b4df5a_0
  - openssl=3.1.3=hcfcfb64_0
  - packaging=23.2=pyhd8ed1ab_0
  - pandas=2.1.0=py311hf63dbb6_0
  - pcre2=10.40=h17e33f8_0
  - pint=0.22=pyhd8ed1ab_1
  - pip=23.2.1=pyhd8ed1ab_0
  - ply=3.11=py_1
  - pthreads-win32=2.9.1=hfa6e2cd_3
  - pyqt=5.15.9=py311h125bc19_5
  - pyqt5-sip=12.12.2=py311h12c1d0e_5
  - python=3.11.5=h2628c8c_0_cpython
  - python-dateutil=2.8.2=pyhd8ed1ab_0
  - python-tzdata=2023.3=pyhd8ed1ab_0
  - python_abi=3.11=3_cp311
  - pytz=2023.3.post1=pyhd8ed1ab_0
  - qt-main=5.15.8=he5a7383_16
  - setuptools=68.1.2=pyhd8ed1ab_0
  - sip=6.7.11=py311h12c1d0e_1
  - six=1.16.0=pyh6c4a22f_0
  - sympy=1.12=pyh04b8f61_3
  - tbb=2021.10.0=h91493d7_0
  - tk=8.6.12=h8ffe710_0
  - toml=0.10.2=pyhd8ed1ab_0
  - tomli=2.0.1=pyhd8ed1ab_0
  - typing_extensions=4.7.1=pyha770c72_0
  - tzdata=2023c=h71feb2d_0
  - ucrt=10.0.22621.0=h57928b3_0
  - vc=14.3=h64f974e_17
  - vc14_runtime=14.36.32532=hdcecf7f_17
  - vs2015_runtime=14.36.32532=h05e6639_17
  - wheel=0.41.2=pyhd8ed1ab_0
  - xz=5.2.6=h8d14728_0
  - zstd=1.5.5=h12be248_0
prefix: C:\Users\atcos\miniforge3\envs\python_3.11
